22
4 5
1 1
1 2
4 1
4 2
1 1
4 4
1 3
2 4
1 4
4 4
3 3
1 1
2 2
3 3
1 1
1 1
4 3
1 2
2 3
3 1
5 2
1 2
2 1
50 2
32 11
32 11
50 50
1 1
2 2
3 3
4 4
5 5
6 6
7 7
8 8
9 9
10 10
11 11
12 12
13 13
14 14
15 15
16 16
17 17
18 18
19 19
20 20
21 21
22 22
23 23
24 24
25 25
26 26
27 27
28 28
29 29
30 30
31 31
32 32
33 33
34 34
35 35
36 36
37 37
38 38
39 39
40 40
41 41
42 42
43 43
44 44
45 45
46 46
47 47
48 48
49 49
50 50
50 50
4 35
18 42
10 36
46 38
43 11
32 25
19 7
30 41
21 4
35 33
39 24
24 8
37 50
7 15
36 49
47 32
8 6
13 43
45 48
17 16
41 40
14 10
25 45
42 39
23 12
20 44
12 23
27 21
28 31
9 27
31 14
48 2
5 1
16 22
29 30
6 18
50 47
26 37
22 29
44 28
38 20
2 26
3 5
11 19
15 17
33 3
40 9
1 13
49 34
34 46
50 100
21 31
21 31
21 31
21 31
21 31
21 31
21 31
21 31
21 31
21 31
21 31
21 31
21 31
21 31
21 31
21 31
21 31
21 31
21 31
21 31
21 31
21 31
21 31
21 31
21 31
21 31
21 31
21 31
21 31
21 31
21 31
21 31
21 31
21 31
21 31
21 31
21 31
21 31
21 31
21 31
21 31
21 31
21 31
21 31
21 31
21 31
21 31
21 31
21 31
21 31
21 31
21 31
21 31
21 31
21 31
21 31
21 31
21 31
21 31
21 31
21 31
21 31
21 31
21 31
21 31
21 31
21 31
21 31
21 31
21 31
21 31
21 31
21 31
21 31
21 31
21 31
21 31
21 31
21 31
21 31
21 31
21 31
21 31
21 31
21 31
21 31
21 31
21 31
21 31
21 31
21 31
21 31
21 31
21 31
21 31
21 31
21 31
21 31
21 31
21 31
50 98
44 26
44 14
34 45
28 45
1 45
44 21
44 17
44 7
44 42
44 20
8 45
30 45
44 22
47 45
44 50
31 45
44 18
27 45
44 16
44 44
44 29
44 8
44 49
49 45
44 37
6 45
18 45
44 40
39 45
44 39
45 45
3 45
44 38
44 12
44 13
13 45
21 45
44 31
50 45
44 46
25 45
44 36
44 27
44 35
7 45
2 45
44 33
44 24
44 30
44 41
44 43
44 19
44 9
19 45
37 45
44 48
11 45
44 32
44 47
36 45
15 45
44 15
48 45
23 45
44 34
44 11
40 45
41 45
44 25
43 45
44 28
9 45
44 2
44 23
44 6
16 45
44 1
4 45
35 45
46 45
24 45
12 45
17 45
42 45
44 3
10 45
5 45
20 45
29 45
44 10
44 5
38 45
22 45
14 45
33 45
44 4
32 45
26 45
50 100
40 45
1 45
44 39
11 45
21 45
12 45
16 45
44 12
44 35
44 19
48 45
6 45
24 45
32 45
38 45
30 45
44 25
44 41
2 45
25 45
10 45
44 26
44 36
4 45
44 27
44 2
44 37
44 50
44 14
44 24
9 45
44 13
44 4
37 45
44 44
44 40
44 23
44 7
44 9
34 45
44 29
31 45
44 49
14 45
44 31
36 45
26 45
7 45
18 45
33 45
44 10
35 45
44 47
44 42
27 45
20 45
44 22
44 30
44 21
44 18
44 28
3 45
41 45
44 6
5 45
50 45
44 32
39 45
44 8
28 45
15 45
44 11
43 45
44 15
22 45
44 38
44 20
44 34
19 45
23 45
44 1
44 43
17 45
29 45
49 45
44 17
44 16
13 45
44 3
44 33
45 45
44 48
8 45
42 45
44 46
44 5
47 45
46 45
39 48
20 3
41 70
22 16
29 23
6 39
6 41
5 2
21 6
30 8
34 31
22 36
14 16
28 38
27 12
2 23
31 17
27 28
1 33
23 39
19 27
15 36
27 9
35 6
39 25
37 41
19 40
2 23
24 6
35 32
30 2
8 35
26 35
15 24
2 31
29 20
12 19
36 40
20 36
20 21
38 37
24 29
22 29
2 32
36 37
31 27
19 30
32 30
23 39
35 6
24 15
21 27
41 9
6 2
18 23
36 12
22 26
9 27
26 9
28 10
4 30
38 4
4 23
14 1
21 40
39 29
23 41
12 13
30 26
34 36
24 1
40 12
21 35
27 49
19 3
12 24
25 17
15 1
18 12
6 27
9 14
24 20
5 25
11 6
11 4
9 27
8 8
22 10
14 5
27 22
3 7
23 7
20 19
26 10
8 4
1 6
2 8
2 6
26 17
20 15
26 12
13 7
15 3
1 4
22 25
27 7
8 3
10 20
15 23
17 6
22 10
17 8
23 20
8 22
15 18
18 20
24 22
4 19
8 11
11 24
6 6
2 27
7 1
45 48
19 13
36 13
30 17
39 35
23 41
14 18
38 44
8 35
42 10
2 31
24 36
17 1
45 9
41 10
31 37
29 20
21 22
31 4
10 27
16 25
44 22
24 11
17 24
11 19
19 13
25 23
35 11
8 39
15 41
39 6
36 45
11 6
37 39
12 35
40 25
28 37
1 25
19 9
9 9
3 10
9 45
6 23
35 17
43 4
12 15
40 40
35 28
5 43
45 75
4 34
3 22
35 22
13 26
31 44
19 13
13 23
13 21
18 33
12 22
9 19
4 35
3 14
19 40
10 25
26 41
28 30
16 20
43 28
5 31
10 41
2 3
2 38
12 10
35 40
19 45
11 4
20 27
34 16
2 32
25 21
36 36
3 40
21 27
17 42
23 39
15 7
39 11
29 4
39 26
17 23
8 17
10 43
43 12
40 41
14 12
43 32
14 34
42 12
36 32
12 3
37 18
22 4
12 11
24 14
18 32
2 27
17 1
41 5
42 14
1 21
41 11
3 26
16 6
17 5
9 32
34 13
41 2
24 16
16 21
44 17
28 40
45 38
45 16
27 35
40 20
35 37
35 16
24 7
14 36
4 19
12 29
3 18
33 14
40 18
19 3
33 28
17 17
13 27
15 26
13 15
24 12
13 39
17 17
38 30
38 33
33 24
33 2
9 7
9 9
32 8
31 24
18 13
16 28
26 29
2 4
26 17
10 24
28 29
3 11
5 9
13 20
16 2
18 21
23 19
17 27
15 32
4 31
10 26
20 28
19 25
34 46
19 15
34 12
3 31
14 20
16 20
27 2
19 6
14 18
11 34
12 12
22 14
5 3
21 18
24 7
16 24
12 26
19 11
11 16
19 3
12 24
21 27
20 8
11 8
9 14
28 6
28 4
22 22
31 21
19 24
11 30
25 6
23 26
32 33
27 31
24 6
8 9
6 27
15 32
18 20
15 8
26 6
28 27
5 29
3 28
22 16
5 18
33 31
20 10
13 29
18 13
2 4
7 14
23 11
14 22
10 16
32 23
5 27
28 19
24 28
32 32
31 15
11 33
29 11
25 28
4 4
4 27
11 9
9 14
11 11
32 28
16 10
2 1
20 12
8 12
26 19
18 6
25 16
30 22
48 5
32 1
21 31
4 21
48 48
27 29
33 88
25 16
5 23
22 16
32 33
2 11
5 9
16 24
20 1
25 25
3 26
15 23
33 28
21 1
16 14
17 19
19 6
23 28
15 28
13 5
26 33
18 12
18 13
20 22
1 12
14 16
19 6
31 17
29 2
26 23
32 7
21 19
25 18
25 3
20 33
24 30
10 22
16 6
32 31
14 1
13 20
1 3
11 6
28 12
10 12
19 31
22 6
29 31
28 7
28 2
22 12
3 28
31 3
24 14
29 11
23 31
32 19
16 28
23 11
9 18
25 7
33 2
13 2
9 24
24 20
10 9
21 5
20 21
28 1
7 20
7 14
7 9
9 6
21 32
13 23
10 5
15 30
5 11
16 27
21 3
15 25
30 10
24 15
26 8
30 4
18 32
11 2
23 33
7 10
