100
5
5.0 2.0
3.0 6.0
5.0 6.0
7.0 6.0
5.0 10.0
4
-3.0 6.0
0.0 6.0
3.0 6.0
0.0 12.0
9
0.0 0.0
0.0 1.0
0.0 -1.0
0.0 2.0
0.0 -2.0
2.0 0.0
4.0 0.0
-2.0 0.0
-4.0 0.0
9
0.0 0.0
0.0 1.0
0.0 -1.0
0.0 2.0
0.0 -2.0
2.1 0.0
4.1 0.0
-2.1 0.0
-4.1 0.0
9
0.0 0.0
0.0 1.0
0.0 -1.0
0.0 2.0
0.0 -2.0
2.001 0.0
4.001 0.0
-2.001 0.0
-4.001 0.0
9
0.0 0.0
0.0 1.0
0.0 -1.0
0.0 2.0
0.0 -2.0
2.01 0.0
4.01 0.0
-2.01 0.0
-4.01 0.0
9
0.1 0.0
0.0 1.0
0.0 -1.0
0.0 2.0
0.0 -2.0
2.0 0.0
4.0 0.0
-2.0 0.0
-4.0 0.0
9
0.0 0.0
0.0 1.001
0.0 -1.001
0.0 2.001
0.0 -2.001
2.0 0.0
4.0 0.0
-2.0 0.0
-4.0 0.0
9
0.0 0.0
0.0 1.001
0.0 -1.001
0.0 2.001
0.0 -2.001
2.002 0.0
4.002 0.0
-2.002 0.0
-4.002 0.0
9
0.0 -0.001
0.0 0.999
0.0 -1.001
0.0 1.999
0.0 -2.001
2.0 0.0
4.0 0.0
-2.0 0.0
-4.0 0.0
9
0.0 -0.001
0.0 0.999
0.0 -1.001
0.0 1.999
0.0 -2.001
2.0 -0.001
4.0 -0.001
-2.0 -0.001
-4.0 -0.001
7
0.0 0.0
0.0 999.0
999.0 999.0
-999.0 999.0
0.0 -999.0
-999.0 -999.0
999.0 -999.0
29
0.0 0.0
3.0 3.0
-3.0 3.0
-3.0 -3.0
3.0 -3.0
999.0 999.0
-999.0 999.0
-999.0 -999.0
999.0 -999.0
1.0 1.0
-1.0 1.0
-1.0 -1.0
1.0 -1.0
0.0 1.0
0.0 2.0
0.0 4.0
0.0 8.0
0.0 -1.0
0.0 -2.0
0.0 -4.0
0.0 -8.0
1.0 0.0
2.0 0.0
4.0 0.0
8.0 0.0
-1.0 0.0
-2.0 0.0
-4.0 0.0
-8.0 0.0
13
0.0 0.0
1.000 0.250
-0.250 1.000
-1.000 -0.250
0.250 -1.000
2.000 0.500
-0.500 2.000
-2.000 -0.500
0.500 -2.000
4.000 1.000
-1.000 4.000
-4.000 -1.000
1.000 -4.000
13
0.0 0.0
1.000 0.500
-0.500 1.000
-1.000 -0.500
0.500 -1.000
2.000 1.000
-1.000 2.000
-2.000 -1.000
1.000 -2.000
3.000 1.500
-1.500 3.000
-3.000 -1.500
1.500 -3.000
13
0.0 0.0
1.000 1.000
-1.000 1.000
-1.000 -1.000
1.000 -1.000
2.000 2.000
-2.000 2.000
-2.000 -2.000
2.000 -2.000
3.000 3.000
-3.000 3.000
-3.000 -3.000
3.000 -3.000
13
0.0 0.0
1.000 2.000
-2.000 1.000
-1.000 -2.000
2.000 -1.000
2.000 4.000
-4.000 2.000
-2.000 -4.000
4.000 -2.000
4.000 8.000
-8.000 4.000
-4.000 -8.000
8.000 -4.000
13
0.0 0.0
1.000 4.000
-4.000 1.000
-1.000 -4.000
4.000 -1.000
2.000 8.000
-8.000 2.000
-2.000 -8.000
8.000 -2.000
4.000 16.000
-16.000 4.000
-4.000 -16.000
16.000 -4.000
13
0.0 0.0
2.000 0.500
-0.500 2.000
-2.000 -0.500
0.500 -2.000
4.000 1.000
-1.000 4.000
-4.000 -1.000
1.000 -4.000
6.000 1.500
-1.500 6.000
-6.000 -1.500
1.500 -6.000
13
0.0 0.0
2.000 1.000
-1.000 2.000
-2.000 -1.000
1.000 -2.000
4.000 2.000
-2.000 4.000
-4.000 -2.000
2.000 -4.000
8.000 4.000
-4.000 8.000
-8.000 -4.000
4.000 -8.000
13
0.0 0.0
2.000 2.000
-2.000 2.000
-2.000 -2.000
2.000 -2.000
4.000 4.000
-4.000 4.000
-4.000 -4.000
4.000 -4.000
8.000 8.000
-8.000 8.000
-8.000 -8.000
8.000 -8.000
13
0.0 0.0
2.000 4.000
-4.000 2.000
-2.000 -4.000
4.000 -2.000
4.000 8.000
-8.000 4.000
-4.000 -8.000
8.000 -4.000
8.000 16.000
-16.000 8.000
-8.000 -16.000
16.000 -8.000
13
0.0 0.0
2.000 8.000
-8.000 2.000
-2.000 -8.000
8.000 -2.000
4.000 16.000
-16.000 4.000
-4.000 -16.000
16.000 -4.000
6.000 24.000
-24.000 6.000
-6.000 -24.000
24.000 -6.000
13
0.0 0.0
4.000 1.000
-1.000 4.000
-4.000 -1.000
1.000 -4.000
8.000 2.000
-2.000 8.000
-8.000 -2.000
2.000 -8.000
16.000 4.000
-4.000 16.000
-16.000 -4.000
4.000 -16.000
13
0.0 0.0
4.000 2.000
-2.000 4.000
-4.000 -2.000
2.000 -4.000
8.000 4.000
-4.000 8.000
-8.000 -4.000
4.000 -8.000
16.000 8.000
-8.000 16.000
-16.000 -8.000
8.000 -16.000
13
0.0 0.0
4.000 4.000
-4.000 4.000
-4.000 -4.000
4.000 -4.000
8.000 8.000
-8.000 8.000
-8.000 -8.000
8.000 -8.000
12.000 12.000
-12.000 12.000
-12.000 -12.000
12.000 -12.000
13
0.0 0.0
4.000 8.000
-8.000 4.000
-4.000 -8.000
8.000 -4.000
8.000 16.000
-16.000 8.000
-8.000 -16.000
16.000 -8.000
16.000 32.000
-32.000 16.000
-16.000 -32.000
32.000 -16.000
13
0.0 0.0
4.000 16.000
-16.000 4.000
-4.000 -16.000
16.000 -4.000
8.000 32.000
-32.000 8.000
-8.000 -32.000
32.000 -8.000
16.000 64.000
-64.000 16.000
-16.000 -64.000
64.000 -16.000
37
0.0 0.0
2.000 0.000
4.000 0.000
8.000 0.000
16.000 0.000
32.000 0.000
64.000 0.000
128.000 0.000
256.000 0.000
512.000 0.000
0.000 2.000
0.000 4.000
0.000 8.000
0.000 16.000
0.000 32.000
0.000 64.000
0.000 128.000
0.000 256.000
0.000 512.000
-2.000 0.000
-4.000 0.000
-8.000 0.000
-16.000 0.000
-32.000 0.000
-64.000 0.000
-128.000 0.000
-256.000 0.000
-512.000 0.000
0.000 -2.000
0.000 -4.000
0.000 -8.000
0.000 -16.000
0.000 -32.000
0.000 -64.000
0.000 -128.000
0.000 -256.000
0.000 -512.000
37
1.001 3.009
3.001 3.009
5.001 3.009
9.001 3.009
17.001 3.009
33.001 3.009
65.001 3.009
129.001 3.009
257.001 3.009
513.001 3.009
1.001 5.009
1.001 7.009
1.001 11.009
1.001 19.009
1.001 35.009
1.001 67.009
1.001 131.009
1.001 259.009
1.001 515.009
-0.999 3.009
-2.999 3.009
-6.999 3.009
-14.999 3.009
-30.999 3.009
-62.999 3.009
-126.999 3.009
-254.999 3.009
-510.999 3.009
1.001 1.009
1.001 -0.991
1.001 -4.991
1.001 -12.991
1.001 -28.991
1.001 -60.991
1.001 -124.991
1.001 -252.991
1.001 -508.991
37
1.002 3.007
3.001 3.009
5.001 3.009
9.001 3.009
17.001 3.009
33.001 3.009
65.001 3.009
129.001 3.009
257.001 3.009
513.001 3.009
1.001 5.009
1.001 7.009
1.001 11.009
1.001 19.009
1.001 35.009
1.001 67.009
1.001 131.009
1.001 259.009
1.001 515.009
-0.999 3.009
-2.999 3.009
-6.999 3.009
-14.999 3.009
-30.999 3.009
-62.999 3.009
-126.999 3.009
-254.999 3.009
-510.999 3.009
1.001 1.009
1.001 -0.991
1.001 -4.991
1.001 -12.991
1.001 -28.991
1.001 -60.991
1.001 -124.991
1.001 -252.991
1.001 -508.991
37
0.0 0.0
3.000 0.000
6.000 0.000
12.000 0.000
24.000 0.000
48.000 0.000
96.000 0.000
192.000 0.000
384.000 0.000
768.000 0.000
0.000 3.000
0.000 6.000
0.000 12.000
0.000 24.000
0.000 48.000
0.000 96.000
0.000 192.000
0.000 384.000
0.000 768.000
-3.000 0.000
-6.000 0.000
-12.000 0.000
-24.000 0.000
-48.000 0.000
-96.000 0.000
-192.000 0.000
-384.000 0.000
-768.000 0.000
0.000 -3.000
0.000 -6.000
0.000 -12.000
0.000 -24.000
0.000 -48.000
0.000 -96.000
0.000 -192.000
0.000 -384.000
0.000 -768.000
37
1.001 3.009
4.001 3.009
7.001 3.009
13.001 3.009
25.001 3.009
49.001 3.009
97.001 3.009
193.001 3.009
385.001 3.009
769.001 3.009
1.001 6.009
1.001 9.009
1.001 15.009
1.001 27.009
1.001 51.009
1.001 99.009
1.001 195.009
1.001 387.009
1.001 771.009
-1.999 3.009
-4.999 3.009
-10.999 3.009
-22.999 3.009
-46.999 3.009
-94.999 3.009
-190.999 3.009
-382.999 3.009
-766.999 3.009
1.001 0.009
1.001 -2.991
1.001 -8.991
1.001 -20.991
1.001 -44.991
1.001 -92.991
1.001 -188.991
1.001 -380.991
1.001 -764.991
37
1.002 3.007
4.001 3.009
7.001 3.009
13.001 3.009
25.001 3.009
49.001 3.009
97.001 3.009
193.001 3.009
385.001 3.009
769.001 3.009
1.001 6.009
1.001 9.009
1.001 15.009
1.001 27.009
1.001 51.009
1.001 99.009
1.001 195.009
1.001 387.009
1.001 771.009
-1.999 3.009
-4.999 3.009
-10.999 3.009
-22.999 3.009
-46.999 3.009
-94.999 3.009
-190.999 3.009
-382.999 3.009
-766.999 3.009
1.001 0.009
1.001 -2.991
1.001 -8.991
1.001 -20.991
1.001 -44.991
1.001 -92.991
1.001 -188.991
1.001 -380.991
1.001 -764.991
33
0.0 0.0
5.000 0.000
10.000 0.000
20.000 0.000
40.000 0.000
80.000 0.000
160.000 0.000
320.000 0.000
640.000 0.000
0.000 5.000
0.000 10.000
0.000 20.000
0.000 40.000
0.000 80.000
0.000 160.000
0.000 320.000
0.000 640.000
-5.000 0.000
-10.000 0.000
-20.000 0.000
-40.000 0.000
-80.000 0.000
-160.000 0.000
-320.000 0.000
-640.000 0.000
0.000 -5.000
0.000 -10.000
0.000 -20.000
0.000 -40.000
0.000 -80.000
0.000 -160.000
0.000 -320.000
0.000 -640.000
33
1.001 3.009
6.001 3.009
11.001 3.009
21.001 3.009
41.001 3.009
81.001 3.009
161.001 3.009
321.001 3.009
641.001 3.009
1.001 8.009
1.001 13.009
1.001 23.009
1.001 43.009
1.001 83.009
1.001 163.009
1.001 323.009
1.001 643.009
-3.999 3.009
-8.999 3.009
-18.999 3.009
-38.999 3.009
-78.999 3.009
-158.999 3.009
-318.999 3.009
-638.999 3.009
1.001 -1.991
1.001 -6.991
1.001 -16.991
1.001 -36.991
1.001 -76.991
1.001 -156.991
1.001 -316.991
1.001 -636.991
33
1.002 3.007
6.001 3.009
11.001 3.009
21.001 3.009
41.001 3.009
81.001 3.009
161.001 3.009
321.001 3.009
641.001 3.009
1.001 8.009
1.001 13.009
1.001 23.009
1.001 43.009
1.001 83.009
1.001 163.009
1.001 323.009
1.001 643.009
-3.999 3.009
-8.999 3.009
-18.999 3.009
-38.999 3.009
-78.999 3.009
-158.999 3.009
-318.999 3.009
-638.999 3.009
1.001 -1.991
1.001 -6.991
1.001 -16.991
1.001 -36.991
1.001 -76.991
1.001 -156.991
1.001 -316.991
1.001 -636.991
33
0.0 0.0
7.000 0.000
14.000 0.000
28.000 0.000
56.000 0.000
112.000 0.000
224.000 0.000
448.000 0.000
896.000 0.000
0.000 7.000
0.000 14.000
0.000 28.000
0.000 56.000
0.000 112.000
0.000 224.000
0.000 448.000
0.000 896.000
-7.000 0.000
-14.000 0.000
-28.000 0.000
-56.000 0.000
-112.000 0.000
-224.000 0.000
-448.000 0.000
-896.000 0.000
0.000 -7.000
0.000 -14.000
0.000 -28.000
0.000 -56.000
0.000 -112.000
0.000 -224.000
0.000 -448.000
0.000 -896.000
33
1.001 3.009
8.001 3.009
15.001 3.009
29.001 3.009
57.001 3.009
113.001 3.009
225.001 3.009
449.001 3.009
897.001 3.009
1.001 10.009
1.001 17.009
1.001 31.009
1.001 59.009
1.001 115.009
1.001 227.009
1.001 451.009
1.001 899.009
-5.999 3.009
-12.999 3.009
-26.999 3.009
-54.999 3.009
-110.999 3.009
-222.999 3.009
-446.999 3.009
-894.999 3.009
1.001 -3.991
1.001 -10.991
1.001 -24.991
1.001 -52.991
1.001 -108.991
1.001 -220.991
1.001 -444.991
1.001 -892.991
33
1.002 3.007
8.001 3.009
15.001 3.009
29.001 3.009
57.001 3.009
113.001 3.009
225.001 3.009
449.001 3.009
897.001 3.009
1.001 10.009
1.001 17.009
1.001 31.009
1.001 59.009
1.001 115.009
1.001 227.009
1.001 451.009
1.001 899.009
-5.999 3.009
-12.999 3.009
-26.999 3.009
-54.999 3.009
-110.999 3.009
-222.999 3.009
-446.999 3.009
-894.999 3.009
1.001 -3.991
1.001 -10.991
1.001 -24.991
1.001 -52.991
1.001 -108.991
1.001 -220.991
1.001 -444.991
1.001 -892.991
29
0.0 0.0
11.000 0.000
22.000 0.000
44.000 0.000
88.000 0.000
176.000 0.000
352.000 0.000
704.000 0.000
0.000 11.000
0.000 22.000
0.000 44.000
0.000 88.000
0.000 176.000
0.000 352.000
0.000 704.000
-11.000 0.000
-22.000 0.000
-44.000 0.000
-88.000 0.000
-176.000 0.000
-352.000 0.000
-704.000 0.000
0.000 -11.000
0.000 -22.000
0.000 -44.000
0.000 -88.000
0.000 -176.000
0.000 -352.000
0.000 -704.000
29
1.001 3.009
12.001 3.009
23.001 3.009
45.001 3.009
89.001 3.009
177.001 3.009
353.001 3.009
705.001 3.009
1.001 14.009
1.001 25.009
1.001 47.009
1.001 91.009
1.001 179.009
1.001 355.009
1.001 707.009
-9.999 3.009
-20.999 3.009
-42.999 3.009
-86.999 3.009
-174.999 3.009
-350.999 3.009
-702.999 3.009
1.001 -7.991
1.001 -18.991
1.001 -40.991
1.001 -84.991
1.001 -172.991
1.001 -348.991
1.001 -700.991
29
1.002 3.007
12.001 3.009
23.001 3.009
45.001 3.009
89.001 3.009
177.001 3.009
353.001 3.009
705.001 3.009
1.001 14.009
1.001 25.009
1.001 47.009
1.001 91.009
1.001 179.009
1.001 355.009
1.001 707.009
-9.999 3.009
-20.999 3.009
-42.999 3.009
-86.999 3.009
-174.999 3.009
-350.999 3.009
-702.999 3.009
1.001 -7.991
1.001 -18.991
1.001 -40.991
1.001 -84.991
1.001 -172.991
1.001 -348.991
1.001 -700.991
29
0.0 0.0
13.000 0.000
26.000 0.000
52.000 0.000
104.000 0.000
208.000 0.000
416.000 0.000
832.000 0.000
0.000 13.000
0.000 26.000
0.000 52.000
0.000 104.000
0.000 208.000
0.000 416.000
0.000 832.000
-13.000 0.000
-26.000 0.000
-52.000 0.000
-104.000 0.000
-208.000 0.000
-416.000 0.000
-832.000 0.000
0.000 -13.000
0.000 -26.000
0.000 -52.000
0.000 -104.000
0.000 -208.000
0.000 -416.000
0.000 -832.000
29
1.001 3.009
14.001 3.009
27.001 3.009
53.001 3.009
105.001 3.009
209.001 3.009
417.001 3.009
833.001 3.009
1.001 16.009
1.001 29.009
1.001 55.009
1.001 107.009
1.001 211.009
1.001 419.009
1.001 835.009
-11.999 3.009
-24.999 3.009
-50.999 3.009
-102.999 3.009
-206.999 3.009
-414.999 3.009
-830.999 3.009
1.001 -9.991
1.001 -22.991
1.001 -48.991
1.001 -100.991
1.001 -204.991
1.001 -412.991
1.001 -828.991
29
1.002 3.007
14.001 3.009
27.001 3.009
53.001 3.009
105.001 3.009
209.001 3.009
417.001 3.009
833.001 3.009
1.001 16.009
1.001 29.009
1.001 55.009
1.001 107.009
1.001 211.009
1.001 419.009
1.001 835.009
-11.999 3.009
-24.999 3.009
-50.999 3.009
-102.999 3.009
-206.999 3.009
-414.999 3.009
-830.999 3.009
1.001 -9.991
1.001 -22.991
1.001 -48.991
1.001 -100.991
1.001 -204.991
1.001 -412.991
1.001 -828.991
25
0.0 0.0
17.000 0.000
34.000 0.000
68.000 0.000
136.000 0.000
272.000 0.000
544.000 0.000
0.000 17.000
0.000 34.000
0.000 68.000
0.000 136.000
0.000 272.000
0.000 544.000
-17.000 0.000
-34.000 0.000
-68.000 0.000
-136.000 0.000
-272.000 0.000
-544.000 0.000
0.000 -17.000
0.000 -34.000
0.000 -68.000
0.000 -136.000
0.000 -272.000
0.000 -544.000
25
1.001 3.009
18.001 3.009
35.001 3.009
69.001 3.009
137.001 3.009
273.001 3.009
545.001 3.009
1.001 20.009
1.001 37.009
1.001 71.009
1.001 139.009
1.001 275.009
1.001 547.009
-15.999 3.009
-32.999 3.009
-66.999 3.009
-134.999 3.009
-270.999 3.009
-542.999 3.009
1.001 -13.991
1.001 -30.991
1.001 -64.991
1.001 -132.991
1.001 -268.991
1.001 -540.991
25
1.002 3.007
18.001 3.009
35.001 3.009
69.001 3.009
137.001 3.009
273.001 3.009
545.001 3.009
1.001 20.009
1.001 37.009
1.001 71.009
1.001 139.009
1.001 275.009
1.001 547.009
-15.999 3.009
-32.999 3.009
-66.999 3.009
-134.999 3.009
-270.999 3.009
-542.999 3.009
1.001 -13.991
1.001 -30.991
1.001 -64.991
1.001 -132.991
1.001 -268.991
1.001 -540.991
25
0.0 0.0
19.000 0.000
38.000 0.000
76.000 0.000
152.000 0.000
304.000 0.000
608.000 0.000
0.000 19.000
0.000 38.000
0.000 76.000
0.000 152.000
0.000 304.000
0.000 608.000
-19.000 0.000
-38.000 0.000
-76.000 0.000
-152.000 0.000
-304.000 0.000
-608.000 0.000
0.000 -19.000
0.000 -38.000
0.000 -76.000
0.000 -152.000
0.000 -304.000
0.000 -608.000
25
1.001 3.009
20.001 3.009
39.001 3.009
77.001 3.009
153.001 3.009
305.001 3.009
609.001 3.009
1.001 22.009
1.001 41.009
1.001 79.009
1.001 155.009
1.001 307.009
1.001 611.009
-17.999 3.009
-36.999 3.009
-74.999 3.009
-150.999 3.009
-302.999 3.009
-606.999 3.009
1.001 -15.991
1.001 -34.991
1.001 -72.991
1.001 -148.991
1.001 -300.991
1.001 -604.991
25
1.002 3.007
20.001 3.009
39.001 3.009
77.001 3.009
153.001 3.009
305.001 3.009
609.001 3.009
1.001 22.009
1.001 41.009
1.001 79.009
1.001 155.009
1.001 307.009
1.001 611.009
-17.999 3.009
-36.999 3.009
-74.999 3.009
-150.999 3.009
-302.999 3.009
-606.999 3.009
1.001 -15.991
1.001 -34.991
1.001 -72.991
1.001 -148.991
1.001 -300.991
1.001 -604.991
25
0.0 0.0
23.000 0.000
46.000 0.000
92.000 0.000
184.000 0.000
368.000 0.000
736.000 0.000
0.000 23.000
0.000 46.000
0.000 92.000
0.000 184.000
0.000 368.000
0.000 736.000
-23.000 0.000
-46.000 0.000
-92.000 0.000
-184.000 0.000
-368.000 0.000
-736.000 0.000
0.000 -23.000
0.000 -46.000
0.000 -92.000
0.000 -184.000
0.000 -368.000
0.000 -736.000
25
1.001 3.009
24.001 3.009
47.001 3.009
93.001 3.009
185.001 3.009
369.001 3.009
737.001 3.009
1.001 26.009
1.001 49.009
1.001 95.009
1.001 187.009
1.001 371.009
1.001 739.009
-21.999 3.009
-44.999 3.009
-90.999 3.009
-182.999 3.009
-366.999 3.009
-734.999 3.009
1.001 -19.991
1.001 -42.991
1.001 -88.991
1.001 -180.991
1.001 -364.991
1.001 -732.991
25
1.002 3.007
24.001 3.009
47.001 3.009
93.001 3.009
185.001 3.009
369.001 3.009
737.001 3.009
1.001 26.009
1.001 49.009
1.001 95.009
1.001 187.009
1.001 371.009
1.001 739.009
-21.999 3.009
-44.999 3.009
-90.999 3.009
-182.999 3.009
-366.999 3.009
-734.999 3.009
1.001 -19.991
1.001 -42.991
1.001 -88.991
1.001 -180.991
1.001 -364.991
1.001 -732.991
25
0.0 0.0
29.000 0.000
58.000 0.000
116.000 0.000
232.000 0.000
464.000 0.000
928.000 0.000
0.000 29.000
0.000 58.000
0.000 116.000
0.000 232.000
0.000 464.000
0.000 928.000
-29.000 0.000
-58.000 0.000
-116.000 0.000
-232.000 0.000
-464.000 0.000
-928.000 0.000
0.000 -29.000
0.000 -58.000
0.000 -116.000
0.000 -232.000
0.000 -464.000
0.000 -928.000
25
1.001 3.009
30.001 3.009
59.001 3.009
117.001 3.009
233.001 3.009
465.001 3.009
929.001 3.009
1.001 32.009
1.001 61.009
1.001 119.009
1.001 235.009
1.001 467.009
1.001 931.009
-27.999 3.009
-56.999 3.009
-114.999 3.009
-230.999 3.009
-462.999 3.009
-926.999 3.009
1.001 -25.991
1.001 -54.991
1.001 -112.991
1.001 -228.991
1.001 -460.991
1.001 -924.991
25
1.002 3.007
30.001 3.009
59.001 3.009
117.001 3.009
233.001 3.009
465.001 3.009
929.001 3.009
1.001 32.009
1.001 61.009
1.001 119.009
1.001 235.009
1.001 467.009
1.001 931.009
-27.999 3.009
-56.999 3.009
-114.999 3.009
-230.999 3.009
-462.999 3.009
-926.999 3.009
1.001 -25.991
1.001 -54.991
1.001 -112.991
1.001 -228.991
1.001 -460.991
1.001 -924.991
25
0.0 0.0
31.000 0.000
62.000 0.000
124.000 0.000
248.000 0.000
496.000 0.000
992.000 0.000
0.000 31.000
0.000 62.000
0.000 124.000
0.000 248.000
0.000 496.000
0.000 992.000
-31.000 0.000
-62.000 0.000
-124.000 0.000
-248.000 0.000
-496.000 0.000
-992.000 0.000
0.000 -31.000
0.000 -62.000
0.000 -124.000
0.000 -248.000
0.000 -496.000
0.000 -992.000
21
1.001 3.009
32.001 3.009
63.001 3.009
125.001 3.009
249.001 3.009
497.001 3.009
1.001 34.009
1.001 65.009
1.001 127.009
1.001 251.009
1.001 499.009
-29.999 3.009
-60.999 3.009
-122.999 3.009
-246.999 3.009
-494.999 3.009
1.001 -27.991
1.001 -58.991
1.001 -120.991
1.001 -244.991
1.001 -492.991
21
1.002 3.007
32.001 3.009
63.001 3.009
125.001 3.009
249.001 3.009
497.001 3.009
1.001 34.009
1.001 65.009
1.001 127.009
1.001 251.009
1.001 499.009
-29.999 3.009
-60.999 3.009
-122.999 3.009
-246.999 3.009
-494.999 3.009
1.001 -27.991
1.001 -58.991
1.001 -120.991
1.001 -244.991
1.001 -492.991
21
0.0 0.0
37.000 0.000
74.000 0.000
148.000 0.000
296.000 0.000
592.000 0.000
0.000 37.000
0.000 74.000
0.000 148.000
0.000 296.000
0.000 592.000
-37.000 0.000
-74.000 0.000
-148.000 0.000
-296.000 0.000
-592.000 0.000
0.000 -37.000
0.000 -74.000
0.000 -148.000
0.000 -296.000
0.000 -592.000
21
1.001 3.009
38.001 3.009
75.001 3.009
149.001 3.009
297.001 3.009
593.001 3.009
1.001 40.009
1.001 77.009
1.001 151.009
1.001 299.009
1.001 595.009
-35.999 3.009
-72.999 3.009
-146.999 3.009
-294.999 3.009
-590.999 3.009
1.001 -33.991
1.001 -70.991
1.001 -144.991
1.001 -292.991
1.001 -588.991
21
1.002 3.007
38.001 3.009
75.001 3.009
149.001 3.009
297.001 3.009
593.001 3.009
1.001 40.009
1.001 77.009
1.001 151.009
1.001 299.009
1.001 595.009
-35.999 3.009
-72.999 3.009
-146.999 3.009
-294.999 3.009
-590.999 3.009
1.001 -33.991
1.001 -70.991
1.001 -144.991
1.001 -292.991
1.001 -588.991
21
0.0 0.0
41.000 0.000
82.000 0.000
164.000 0.000
328.000 0.000
656.000 0.000
0.000 41.000
0.000 82.000
0.000 164.000
0.000 328.000
0.000 656.000
-41.000 0.000
-82.000 0.000
-164.000 0.000
-328.000 0.000
-656.000 0.000
0.000 -41.000
0.000 -82.000
0.000 -164.000
0.000 -328.000
0.000 -656.000
21
1.001 3.009
42.001 3.009
83.001 3.009
165.001 3.009
329.001 3.009
657.001 3.009
1.001 44.009
1.001 85.009
1.001 167.009
1.001 331.009
1.001 659.009
-39.999 3.009
-80.999 3.009
-162.999 3.009
-326.999 3.009
-654.999 3.009
1.001 -37.991
1.001 -78.991
1.001 -160.991
1.001 -324.991
1.001 -652.991
21
1.002 3.007
42.001 3.009
83.001 3.009
165.001 3.009
329.001 3.009
657.001 3.009
1.001 44.009
1.001 85.009
1.001 167.009
1.001 331.009
1.001 659.009
-39.999 3.009
-80.999 3.009
-162.999 3.009
-326.999 3.009
-654.999 3.009
1.001 -37.991
1.001 -78.991
1.001 -160.991
1.001 -324.991
1.001 -652.991
21
0.0 0.0
43.000 0.000
86.000 0.000
172.000 0.000
344.000 0.000
688.000 0.000
0.000 43.000
0.000 86.000
0.000 172.000
0.000 344.000
0.000 688.000
-43.000 0.000
-86.000 0.000
-172.000 0.000
-344.000 0.000
-688.000 0.000
0.000 -43.000
0.000 -86.000
0.000 -172.000
0.000 -344.000
0.000 -688.000
21
1.001 3.009
44.001 3.009
87.001 3.009
173.001 3.009
345.001 3.009
689.001 3.009
1.001 46.009
1.001 89.009
1.001 175.009
1.001 347.009
1.001 691.009
-41.999 3.009
-84.999 3.009
-170.999 3.009
-342.999 3.009
-686.999 3.009
1.001 -39.991
1.001 -82.991
1.001 -168.991
1.001 -340.991
1.001 -684.991
21
1.002 3.007
44.001 3.009
87.001 3.009
173.001 3.009
345.001 3.009
689.001 3.009
1.001 46.009
1.001 89.009
1.001 175.009
1.001 347.009
1.001 691.009
-41.999 3.009
-84.999 3.009
-170.999 3.009
-342.999 3.009
-686.999 3.009
1.001 -39.991
1.001 -82.991
1.001 -168.991
1.001 -340.991
1.001 -684.991
21
0.0 0.0
47.000 0.000
94.000 0.000
188.000 0.000
376.000 0.000
752.000 0.000
0.000 47.000
0.000 94.000
0.000 188.000
0.000 376.000
0.000 752.000
-47.000 0.000
-94.000 0.000
-188.000 0.000
-376.000 0.000
-752.000 0.000
0.000 -47.000
0.000 -94.000
0.000 -188.000
0.000 -376.000
0.000 -752.000
21
1.001 3.009
48.001 3.009
95.001 3.009
189.001 3.009
377.001 3.009
753.001 3.009
1.001 50.009
1.001 97.009
1.001 191.009
1.001 379.009
1.001 755.009
-45.999 3.009
-92.999 3.009
-186.999 3.009
-374.999 3.009
-750.999 3.009
1.001 -43.991
1.001 -90.991
1.001 -184.991
1.001 -372.991
1.001 -748.991
21
1.002 3.007
48.001 3.009
95.001 3.009
189.001 3.009
377.001 3.009
753.001 3.009
1.001 50.009
1.001 97.009
1.001 191.009
1.001 379.009
1.001 755.009
-45.999 3.009
-92.999 3.009
-186.999 3.009
-374.999 3.009
-750.999 3.009
1.001 -43.991
1.001 -90.991
1.001 -184.991
1.001 -372.991
1.001 -748.991
17
0.0 0.0
1.000 0.000
0.000 1.000
-1.000 0.000
0.000 -1.000
2.000 0.000
0.000 2.000
-2.000 0.000
0.000 -2.000
329.240 0.000
0.000 329.240
-329.240 0.000
0.000 -329.240
658.480 0.000
0.000 658.480
-658.480 0.000
0.000 -658.480
17
0.0 0.0
122.550 0.000
0.000 122.550
-122.550 0.000
0.000 -122.550
245.100 0.000
0.000 245.100
-245.100 0.000
0.000 -245.100
13.870 0.000
0.000 13.870
-13.870 0.000
0.000 -13.870
27.740 0.000
0.000 27.740
-27.740 0.000
0.000 -27.740
17
0.0 0.0
16.750 0.000
0.000 16.750
-16.750 0.000
0.000 -16.750
33.500 0.000
0.000 33.500
-33.500 0.000
0.000 -33.500
109.290 0.000
0.000 109.290
-109.290 0.000
0.000 -109.290
218.580 0.000
0.000 218.580
-218.580 0.000
0.000 -218.580
17
0.0 0.0
311.800 0.000
0.000 311.800
-311.800 0.000
0.000 -311.800
623.600 0.000
0.000 623.600
-623.600 0.000
0.000 -623.600
36.860 0.000
0.000 36.860
-36.860 0.000
0.000 -36.860
73.720 0.000
0.000 73.720
-73.720 0.000
0.000 -73.720
17
0.0 0.0
16.480 0.000
0.000 16.480
-16.480 0.000
0.000 -16.480
32.960 0.000
0.000 32.960
-32.960 0.000
0.000 -32.960
4.080 0.000
0.000 4.080
-4.080 0.000
0.000 -4.080
8.160 0.000
0.000 8.160
-8.160 0.000
0.000 -8.160
17
0.0 0.0
8.200 0.000
0.000 8.200
-8.200 0.000
0.000 -8.200
16.400 0.000
0.000 16.400
-16.400 0.000
0.000 -16.400
2.260 0.000
0.000 2.260
-2.260 0.000
0.000 -2.260
4.520 0.000
0.000 4.520
-4.520 0.000
0.000 -4.520
17
0.0 0.0
28.650 0.000
0.000 28.650
-28.650 0.000
0.000 -28.650
57.300 0.000
0.000 57.300
-57.300 0.000
0.000 -57.300
4.850 0.000
0.000 4.850
-4.850 0.000
0.000 -4.850
9.700 0.000
0.000 9.700
-9.700 0.000
0.000 -9.700
17
0.0 0.0
2.540 0.000
0.000 2.540
-2.540 0.000
0.000 -2.540
5.080 0.000
0.000 5.080
-5.080 0.000
0.000 -5.080
25.650 0.000
0.000 25.650
-25.650 0.000
0.000 -25.650
51.300 0.000
0.000 51.300
-51.300 0.000
0.000 -51.300
17
0.0 0.0
139.720 0.000
0.000 139.720
-139.720 0.000
0.000 -139.720
279.440 0.000
0.000 279.440
-279.440 0.000
0.000 -279.440
171.520 0.000
0.000 171.520
-171.520 0.000
0.000 -171.520
343.040 0.000
0.000 343.040
-343.040 0.000
0.000 -343.040
17
0.0 0.0
28.160 0.000
0.000 28.160
-28.160 0.000
0.000 -28.160
56.320 0.000
0.000 56.320
-56.320 0.000
0.000 -56.320
32.360 0.000
0.000 32.360
-32.360 0.000
0.000 -32.360
64.720 0.000
0.000 64.720
-64.720 0.000
0.000 -64.720
17
0.0 0.0
153.280 0.000
0.000 153.280
-153.280 0.000
0.000 -153.280
306.560 0.000
0.000 306.560
-306.560 0.000
0.000 -306.560
45.460 0.000
0.000 45.460
-45.460 0.000
0.000 -45.460
90.920 0.000
0.000 90.920
-90.920 0.000
0.000 -90.920
17
0.0 0.0
33.890 0.000
0.000 33.890
-33.890 0.000
0.000 -33.890
67.780 0.000
0.000 67.780
-67.780 0.000
0.000 -67.780
8.020 0.000
0.000 8.020
-8.020 0.000
0.000 -8.020
16.040 0.000
0.000 16.040
-16.040 0.000
0.000 -16.040
17
0.0 0.0
29.800 0.000
0.000 29.800
-29.800 0.000
0.000 -29.800
59.600 0.000
0.000 59.600
-59.600 0.000
0.000 -59.600
254.470 0.000
0.000 254.470
-254.470 0.000
0.000 -254.470
508.940 0.000
0.000 508.940
-508.940 0.000
0.000 -508.940
17
0.0 0.0
88.000 0.000
0.000 88.000
-88.000 0.000
0.000 -88.000
176.000 0.000
0.000 176.000
-176.000 0.000
0.000 -176.000
70.200 0.000
0.000 70.200
-70.200 0.000
0.000 -70.200
140.400 0.000
0.000 140.400
-140.400 0.000
0.000 -140.400
17
0.0 0.0
8.480 0.000
0.000 8.480
-8.480 0.000
0.000 -8.480
16.960 0.000
0.000 16.960
-16.960 0.000
0.000 -16.960
54.380 0.000
0.000 54.380
-54.380 0.000
0.000 -54.380
108.760 0.000
0.000 108.760
-108.760 0.000
0.000 -108.760
17
0.0 0.0
94.750 0.000
0.000 94.750
-94.750 0.000
0.000 -94.750
189.500 0.000
0.000 189.500
-189.500 0.000
0.000 -189.500
117.280 0.000
0.000 117.280
-117.280 0.000
0.000 -117.280
234.560 0.000
0.000 234.560
-234.560 0.000
0.000 -234.560
17
0.0 0.0
10.060 0.000
0.000 10.060
-10.060 0.000
0.000 -10.060
20.120 0.000
0.000 20.120
-20.120 0.000
0.000 -20.120
84.660 0.000
0.000 84.660
-84.660 0.000
0.000 -84.660
169.320 0.000
0.000 169.320
-169.320 0.000
0.000 -169.320
17
0.0 0.0
41.800 0.000
0.000 41.800
-41.800 0.000
0.000 -41.800
83.600 0.000
0.000 83.600
-83.600 0.000
0.000 -83.600
71.740 0.000
0.000 71.740
-71.740 0.000
0.000 -71.740
143.480 0.000
0.000 143.480
-143.480 0.000
0.000 -143.480
17
0.0 0.0
53.800 0.000
0.000 53.800
-53.800 0.000
0.000 -53.800
107.600 0.000
0.000 107.600
-107.600 0.000
0.000 -107.600
19.560 0.000
0.000 19.560
-19.560 0.000
0.000 -19.560
39.120 0.000
0.000 39.120
-39.120 0.000
0.000 -39.120
17
0.0 0.0
88.200 0.000
0.000 88.200
-88.200 0.000
0.000 -88.200
176.400 0.000
0.000 176.400
-176.400 0.000
0.000 -176.400
81.460 0.000
0.000 81.460
-81.460 0.000
0.000 -81.460
162.920 0.000
0.000 162.920
-162.920 0.000
0.000 -162.920
29
-0.030 -91.816
-61.864 24.331
198.927 69.561
32.516 202.293
82.560 214.968
271.728 -380.480
770.715 28.917
-293.232 554.112
197.568 364.686
89.544 131.772
66.222 66.229
273.238 -217.028
-428.272 -14.842
-241.680 -161.711
0.811 -186.375
801.473 148.131
287.232 29.070
-141.000 -320.742
392.030 -227.154
94.178 262.223
-321.096 139.825
-164.728 334.506
-22.920 46.305
19.656 677.751
49.949 438.496
-282.656 887.400
194.038 0.729
29.707 367.380
36.764 150.480
4
-71.682 -109.125
101.456 -365.856
-138.387 -139.236
-39.520 -849.015
7
377.719 -290.400
386.142 -72.105
-30.328 659.850
480.806 -279.496
25.984 -497.016
-573.603 -85.316
59.532 221.214
13
94.103 34.684
-348.192 16.956
65.934 29.546
-93.080 625.628
-234.459 246.068
409.716 514.155
32.490 391.552
8.510 -23.345
-104.667 468.440
-799.480 0.170
66.792 -30.132
-153.153 116.580
141.252 411.908
19
576.028 -17.848
-18.618 142.848
-22.317 29.504
338.178 21.460
-155.376 -541.440
304.380 9.316
-837.045 -81.488
493.908 -150.400
386.302 90.951
116.800 79.680
-323.982 -177.184
57.638 12.578
338.453 133.529
3.638 -63.075
-3.024 -20.336
86.764 167.322
297.501 -139.795
-11.473 -22.774
-138.414 -66.766
31
-577.055 354.574
130.320 694.056
-196.301 141.192
73.260 -495.040
-42.112 825.984
-50.758 -22.503
316.953 -10.065
-265.329 -86.832
-70.966 50.500
214.332 34.450
47.545 -24.120
-265.980 -7.722
92.340 -256.620
172.432 41.586
-454.840 -20.768
568.100 633.424
-14.256 -39.904
-389.756 59.200
114.061 1.272
-639.765 -324.868
194.818 -590.562
3.508 -106.848
586.608 -191.250
249.444 -663.975
43.520 143.008
-28.496 438.249
130.539 -102.272
-420.206 195.999
-43.578 -583.605
133.221 -560.959
-61.812 159.310
29
-498.960 -171.201
416.702 327.660
-301.248 -580.668
220.222 879.819
-255.248 -396.893
-86.224 -116.261
-44.198 268.335
-77.840 -27.391
20.628 754.244
-200.160 54.768
-458.874 321.011
241.286 88.344
82.137 -467.130
-859.677 -19.530
347.508 -760.914
-773.031 -716.496
-113.536 -756.756
278.902 155.184
1.168 -364.650
-801.960 -66.384
43.139 292.160
-942.645 -99.550
-880.650 -138.852
122.202 -202.191
-520.356 322.072
-767.193 316.217
40.554 65.408
339.885 21.856
-214.948 51.465
